1490120474077 3 0
1490120474518 4 0
1490120474718 5 0
1490120474878 6 0
1490120475058 7 0
1490120475180 8 0
1490120475340 9 0
1490120475501 10 0
1490120475661 11 0
1490120475822 12 0
1490120475983 13 0
1490120476143 14 0
1490120476324 15 0
1490120476445 16 0
1490120476605 17 0
1490120476746 18 0
1490120476926 19 0
1490120477067 20 0
1490120477228 21 0
1490120477388 22 0
1490120477508 23 0
1490120482306 40000 0
1490120482888 40000 0
1490120483047 40000 0
1490120483209 40000 0
1490120483369 40000 0
1490120483530 40000 0
1490120483691 40000 0
1490120699425 1 0
1490120699825 2 0
1490120699985 3 0
1490120700106 4 0
1490120700267 5 0
1490120700388 6 0
1490120700548 7 0
1490120700829 8 0
1490120700970 9 0
1490120701272 10 0
1490120701281 11 0
1490120701410 12 0
1490120701571 13 0
1490120701691 14 0
1490120712372 40000 0
1490120712854 40000 0
1490120713296 40000 0
1490120713456 40000 0
1490120713617 40000 0
1490120713898 40000 0
1490120714018 40000 0
1490120714199 40000 0
1490120714301 40000 0
1490120714461 40000 0
1490120714621 40000 0
1490120714782 40000 0
1490120714942 40000 0
1490120715082 40000 0
1490120715544 40000 0
1490121071281 1 0
1490121071401 2 0
1490121071562 3 0
1490121157491 1 0
1490121157626 2 0
1490121157747 3 0
1490121157907 4 0
1490121158184 5 0
1490121158911 4 0
1490121159071 3 0
1490121159191 2 0
1490121159352 1 0
1490121159513 0 0
1490121159674 0 0
1490121159913 0 0
1490121160034 0 0
1490121160195 0 0
1490121160355 0 0
1490121161962 1 0
1490121162122 2 0
1490121162263 3 0
1490121162423 4 0
1490121162584 5 0
1490121162725 6 0
1490121162887 7 0
1490121163006 8 0
1490121167022 40000 0
1490121167423 40000 0
1490121167584 40000 0
1490121167866 40000 0
1490121176701 1 0
1490121176860 2 0
1490121176981 3 0
1490121177222 4 0
1490912392424 0 0
1490912393217 0 0
1490912393578 0 0
1490912393735 0 0
1490912394002 0 0
1490912394156 0 0
1490912396068 1 0
1490912396329 2 0
1490912396657 3 0
1490912396817 4 0
1490912397024 5 0
